./sir nwk/test.lnk 200 0.5 2
0 0 -0.249477
1 0.80839 -1.05666
2 0.80855 -1.05931
3 0.81132 -1.06125
4 0.8079 -1.0582
5 0.81224 -1.06142
6 0.81165 -1.06339
7 0.81027 -1.0599
8 0.8023 -1.05253
9 0.80262 -1.05207
10 0.80644 -1.05514

./sir nwk/test.lnk 3 0.5 2
0 0 -0.249477
1 0.39355 -0.641818
2 0.3943 -0.645054
3 0.45185 -0.701796
4 0.35976 -0.610073
5 0.50549 -0.754672
6 0.43004 -0.681786
7 0.4164 -0.666033
8 0.28447 -0.534704
9 0.28716 -0.536613
10 0.32584 -0.574536

./sir nwk/test.lnk 2 1 3 3
0 0 -0.501265
1 0.15316 -0.653657
2 0.15568 -0.657894
3 0.19963 -0.700273
4 0.12509 -0.625339
5 0.25596 -0.757298
6 0.17263 -0.673077
7 0.15861 -0.658215
8 0.08463 -0.58427
9 0.08289 -0.581793
10 0.10026 -0.600522

